21,61,63,23
61,101,103,63
101,143,103
101,141,143
141,181,143
143,181,183
183,181,223
223,181,221
221,261,223
223,261,263
263,261,301,303
303,301,341,343
25,23,63,65
65,63,103
65,103,105
105,103,145
103,143,145
145,143,183,185
185,183,223,225
225,223,263
225,263,265
265,263,305
305,263,303
305,303,343,345
27,25,67
67,25,65
67,65,107
107,65,105
107,105,145
107,145,147
147,145,187
187,145,185
187,185,225
187,225,227
227,225,267
267,225,265
267,265,305
267,305,307
307,305,345
345,347,307
27,67,29
29,67,69
69,67,107,109
109,107,149
149,107,147
147,187,189,149
189,187,227,229
229,227,267
229,267,269
269,267,307,309
309,307,349
307,347,349
31,29,71
71,29,69
69,109,111,71
111,109,149
111,149,151
151,149,189,191
191,189,229,231
231,229,271
271,229,269
269,309,311,271
311,309,349
311,349,351
33,31,71
71,33,73
73,71,111
73,111,113
113,111,153
153,111,151
153,151,191
153,191,193
193,191,233
233,191,231
233,231,271
233,271,273
273,271,313
313,271,311
313,311,353
353,311,351
35,33,73,75
75,73,115
115,73,113
115,113,153
115,153,155
155,153,193,195
195,193,233,235
235,233,275
275,233,273
275,273,313
275,313,315
315,313,353,355
37,35,75,77
77,75,115,117
117,115,155
117,155,157
157,155,197
197,155,195
197,195,235
197,235,237
237,235,277
277,235,275
277,275,315,317
317,315,355,357