0,20,25,125,126,6
20,40,44,124,125,25
40,60,63,123,124,44
60,80,82,122,123,63
80,100,101,121,122,82
101,100,120,121
121,120,240,246,226,221
206,202,122,121,221,226
186,183,123,122,202,206
166,164,124,123,183,186
146,145,125,124,164,166
146,126,125,145
240,260,265,365,366,246
260,280,284,364,365,265
280,300,303,363,364,284
300,320,322,362,363,303
320,340,341,361,362,322
341,340,360,361
7,6,126,132,112,107
92,88,8,7,107,112
72,69,9,8,88,92
52,50,10,9,69,72
32,31,11,10,50,52
32,12,11,31
126,146,151,251,252,132
146,166,170,250,251,151
166,186,189,249,250,170
186,206,208,248,249,189
206,226,227,247,248,208
227,226,246,247
352,347,247,246,366,372
332,328,248,247,347,352
312,309,249,248,328,332
292,290,250,249,309,312
272,271,251,250,290,292
272,252,251,271
12,32,37,137,138,18
32,52,56,136,137,37
52,72,75,135,136,56
72,92,94,134,135,75
92,112,113,133,134,94
112,132,133,113
238,233,133,132,252,258
218,214,134,133,233,238
198,195,135,134,214,218
178,176,136,135,195,198
158,157,137,136,176,178
158,138,137,157
252,272,277,377,378,258
272,292,296,376,377,277
292,312,315,375,376,296
312,332,334,374,375,315
332,352,353,373,374,334
352,372,373,353