0,20,2
2,20,60,82,64,24,24
60,100,82
82,100,140,162,144,104
140,180,202,162
180,220,202
202,220,260,242
144,162,202,184
184,202,224,206
202,242,264,224
242,260,300,322,304,264
300,340,322
322,340,380,384,344
24,64,86,46
64,82,104,86
86,104,144,126
28,46,86,68
68,86,108,90
86,126,148,108
126,144,184,206,188,148
206,224,264,286,268,228
264,304,326,286
304,322,344,326
326,344,384,366
268,286,326,308
308,326,348,330
326,366,388,348
366,384,388
24,2,4
4,24,46,28,8
28,68,90,72,32,10
8,28,10
90,108,148,170,152,112
148,188,210,170
188,206,228,210
210,228,268,250
152,170,210,192
192,210,232,214
210,250,272,232
250,268,308,330,312,272
330,348,388,392,352
12,10,32
32,72,94,54
72,90,112,94
94,112,152,134
36,54,94,76
76,94,116,98
94,134,156,116
12,32,54,36,16
134,152,192,214,196,156
214,232,272,294,276,236
272,312,334,294
312,330,352,334
334,352,392,374
276,294,334,316
316,334,356,338
334,374,396,356
374,392,396
16,36,18
18,36,76,98,99,19
98,116,156,178,179,99
156,196,218,178
196,214,236,218
218,236,276,258
178,218,219,179
218,258,259,219
258,276,316,338,339,259
338,356,396,399,339