2,0,40,42
82,42,40
40,80,82
82,80,122,124
122,80,160
122,160,162,124
162,160,200
200,202,162
202,200,280,282
280,282,322
322,320,280
322,320,362,364
362,320,380,381
362,381,383,364
2,4,44
44,42,2
44,42,82,84
84,82,124,126
126,124,162,164
164,162,202,204
204,202,242
242,282,284
204,242,284,244
284,282,322,324
324,322,364,366
366,364,383,385
4,44,86,46
44,84,126,86
126,164,204,166
166,204,244,206
244,284,326,286
284,324,366,326
366,385,386
4,46,8
8,46,86,48
48,86,126,88
88,126,128,90
126,168,170,128
126,166,208,168
166,206,248,208
206,244,286,248
248,286,326,288
288,326,366,328
328,366,368,330
368,366,387,389
387,366,386
10,8,48
48,50,10
50,48,88,90
90,128,130,92
130,128,170,172
170,168,208,210
208,248,288,250
250,210,208
250,290,288
290,288,328,330
330,368,370,332
370,368,389,391
14,10,50,52,54
52,50,90
90,52,94,92
52,54,94
92,130,172,134
172,170,212,174
170,210,212
212,174,214
212,210,250,290,292,294,254,214
292,290,330
330,292,334,332
292,294,334
332,370,391,393,374
92,134,136,94
134,172,174,136
334,332,374,376
376,374,393,395
56,16,14
14,54,56
56,54,94,96
96,94,136,138
136,174,176,138
176,174,214,216
216,214,254
254,294,296
296,256,216,254
294,334,336,296
336,334,376,378
378,376,395,397
16,56,98,58
56,96,138,98
138,176,216,178
178,216,256,218
256,296,338,298
338,296,336,378
16,58,39,19
39,58,98,79
79,98,138,119
119,138,139
159,139,138
138,178,199,159
199,178,218,239
239,218,256,298,279
279,298,338,319
319,338,378,359
359,378,379
378,379,399
399,378,398
397,398,378