0,40,61,23,2
40,80,61
80,120,101
120,160,181,143,101
160,200,181
200,240,221
240,280,301,263,221
280,320,301
320,360,341
360,380,383,341
61,80,101,82
181,200,221,202
301,320,341,322
23,61,82,44
82,101,143,124
143,181,202,164
202,221,263,244
263,301,322,284
322,341,383,364
2,23,4
4,23,44,25
124,143,164,145
244,263,284,265
364,383,385
44,82,124,86
164,202,244,206
284,322,364,326
6,4,25
25,44,86,67
86,124,145,107
145,164,206,187
206,244,265,227
265,284,326,307
326,364,385,347
25,67,29,8,6
107,145,187,149
227,265,307,269
347,385,389
67,86,107,88
187,206,227,208
307,326,347,328
29,67,88,50
88,107,149,130
149,187,208,170
208,227,269,250
269,307,328,290
328,347,389,370
29,10,8
10,29,50,31
130,149,170,151
250,269,290,271
370,389,391
50,88,130,92
170,208,250,212
290,328,370,332
12,10,31
31,50,92,73
92,130,151,113
151,170,212,193
212,250,271,233
271,290,332,313
332,370,391,353
12,31,73,35,14
113,151,193,155
233,271,313,275
353,391,395
73,92,113,94
193,212,233,214
313,332,353,334
16,14,35
35,73,94,56
94,113,155,136
155,193,214,176
214,233,275,256
275,313,334,296
334,353,395,376
56,94,136,98
176,214,256,218
296,334,376,338
16,35,56,37
136,155,176,157
256,275,296,277
376,395,397
18,16,37
37,56,98,79
98,136,157,119
157,176,218,199
218,256,277,239
277,296,338,319
338,376,397,359
19,18,37,79
79,98,119
119,157,199
199,218,239
239,277,319
319,338,359
359,397,399