2,382,383,323,283,263,143,123,63,43,3
3,43,49,9
43,63,66,67,69,49
63,123,126,66
66,126,127,67
67,127,129,69
123,143,145,146,149,129,127,126
143,263,265,205,185,145
145,185,186,146
146,186,189,149
185,205,206,209,189,186
205,265,266,206
206,266,269,209
263,283,289,269,266,265
283,323,326,327,329,289
323,383,386,326
326,386,387,327
327,387,389,329
9,49,69,129,149,189,209,269,289,329,389,390,370,350,290,270,230,210,150,130,90,70,10
10,70,73,13
13,73,74,14
70,90,93,94,74,73
90,130,133,93
93,133,134,94
14,74,94,134,136,16
130,150,152,153,156,136,134,133
150,210,212,152
152,212,213,153
153,213,216,156
210,230,236,216,213,212
230,270,276,236
270,290,293,294,296,276
290,350,353,293
293,353,354,294
350,370,373,374,354,353
370,390,393,373
373,393,394,374
294,354,374,394,396,296
16,136,156,216,236,276,296,396,397,17